0 2852 0.7145735516388054 2.037963769273873
1 3226 0.7589476176421318 2.448365014513517
2 2852 0.7145735516388054 2.037963769273873
3 2593 0.7359497845593111 1.9083177913622937
4 3508 0.6491007808540253 2.277045539235921
5 4359 0.6846622250655849 2.9844426390608847
6 3566 0.6897071965183642 2.4594958627844865
7 3703 0.6619433458428229 2.4511762096559733
8 2619 0.7684111163529989 2.012468713728504
9 2758 0.7279860271487782 2.0077854628763303
10 2899 0.731817256679606 2.1215382271141774
11 3875 0.6317854233245022 2.448168515382446
12 2898 0.7992208256903086 2.3161419528505145
13 2804 0.7100651665095026 1.9910227268926453
14 3414 0.6874633753842715 2.346999963561903
15 2839 0.721027682496365 2.0469975906071802
16 3484 0.6576579252712773 2.2912802116451303
17 3697 0.7735776737849009 2.8599166599827788
18 3664 0.6720373640615346 2.4623449019214627
19 2774 0.767605013184061 2.1293363065725854
20 4172 0.8080318670668611 3.3711089494029447
21 3469 0.8546001238934214 2.9646078297862792
22 3101 0.7042884710402758 2.1839985486958953
23 3703 0.7957448264489178 2.9466430923403424
24 2782 0.8622652803888946 2.3988220100419047
25 4725 0.6491218155660103 3.067100578549399
26 3195 0.8195976281279654 2.6186144218688496
27 2934 0.788883938296547 2.314585474962069
28 3742 0.8006202407610006 2.995920940927664
29 2929 0.739223306596781 2.1651850650219715
30 3156 0.9081028729392533 2.8659726669962833
31 4508 0.6830149110778796 3.079031219139081
32 3352 0.8483549271960763 2.843685715961248
33 4930 0.6527329642570704 3.2179735137873573
34 3410 1.4870948653516733 5.070993490849206
35 2774 0.7775081315893707 2.1568075570289142
36 3110 0.8174321759896047 2.542214067327671
37 2867 0.8214745351529477 2.355167492283501
38 2922 0.83386237556309 2.4365458613953486
39 2992 0.7628227310280584 2.2823656112359507
40 3125 0.7937231638949912 2.4803848871718475
41 2899 0.7394688328625241 2.143720146468457
42 1461 0.8160099709129963 1.1921905675038877
43 3672 0.7400449886048271 2.7174451981569256
44 2721 0.709929621036574 1.9317184988405178
45 3656 0.7501030966732146 2.742376921437273
46 7399 0.5791004430346868 4.284764178013647
47 1899 0.8041641095469882 1.5271076440297306
48 3438 0.6629125849307421 2.2790934669918914
49 3086 0.6986519277465999 2.156039849026007
50 3437 0.6782226293296695 2.331051177006074
51 3414 0.6710121005588655 2.290835311307967
52 2617 0.8024516795100158 2.1000160452777115
53 6400 0.6141030048512649 3.9302592310480953
54 4196 0.755233199280043 3.16895850417906
55 3922 0.7475440295966748 2.9318676840781586
56 3976 0.7168849451975668 2.850334542105526
57 3914 0.7698731921465694 3.0132836740616726
58 3757 0.7184042438939144 2.6990447443094365
59 3828 0.7153612950526896 2.738403037461696
60 5206 0.6326283154708444 3.293463010341216
61 3031 0.6988157860949843 2.1181106476538973
62 4492 1.3307394384911835 5.977681557702396
63 7661 1.332865253265152 10.211080705264328
64 4391 0.8193434211824918 3.5977369624123217
65 4714 0.7483007431394522 3.5274897031593775
66 7488 0.680422221971626 5.0950015981235355
67 3312 0.772605361717195 2.55886895800735
68 3336 0.8266536475480626 2.757716568220337
69 3888 0.7298934341582326 2.837825672007208
70 3344 0.83320532662614 2.786238612237812
71 3245 0.7453079555555435 2.4185243157777387
72 2742 0.7596669843429781 2.083006871068446
73 4250 0.8676238240249411 3.6874012521059996
74 4961 0.7790813787763737 3.86502272010959
75 1344 0.9122618720109015 1.2260799559826516
76 4742 0.6798228324514932 3.223719871484981
77 1534 0.9454163983343206 1.4502687550448476
78 3773 0.7242232881192846 2.7324944660740607
79 3842 0.754221834640938 2.8977202886904836
80 3257 0.7928878007380308 2.5824355670037664
81 3524 0.8742617403373766 3.080898372948915
82 3922 0.7906748140943671 3.1010266208781077
83 4200 0.7958616646225927 3.342618991414889
84 3578 1.090852992210939 3.9030720061307393
85 3250 0.9296054424772936 3.0212176880512045
86 3273 1.054268975189265 3.450622355794465
87 3461 1.2158186614996744 4.207948387450373
88 3570 1.6941547374135844 6.048132412566496
89 3688 1.0516974986297487 3.878660374946513
90 2524 1.4030885741294556 3.5413955611027457
91 3360 1.2254271089633562 4.117435086116877
92 3941 0.8724798845777295 3.4384432251208317
93 3211 0.8246411165060111 2.6479226251008017
94 3906 0.7791443649533104 3.0433378895076304
95 3844 0.7558363806564065 2.9054350472432264
96 2598 0.8486695923706894 2.2048436009790513
97 3297 0.7797827079230286 2.5709435880222253
98 3187 0.780570631503878 2.487678602602859
99 3716 0.8548801490123592 3.176734633729927
100 2680 0.9783799511755807 2.6220582691505565
101 4000 0.8261428263622643 3.3045713054490573
102 3862 0.7917253760348618 3.0576434022466366
103 3469 0.8097014778175035 2.8088544265489195
104 8885 0.6248680815130312 5.551952904243282
105 3771 0.7784869153523301 2.935674157793637
106 3446 0.7745737973540745 2.6691813056821405
107 4055 0.7908970171919957 3.2070874047135427
108 3219 0.85649827657633 2.7570679522992063
109 3860 0.8143483681159054 3.143384700927395
110 3432 0.9344568961020874 3.207056067422364
111 4039 0.8770872578293886 3.5425554343729004
112 3884 0.791759975985479 3.0751957467276
113 3742 0.7943881119971005 2.97260031509315
114 3922 0.790280266467146 3.0994792050841466
115 3789 0.8361640764911078 3.1682256858248072
116 3117 0.9268164175272485 2.8888867734324335
117 3531 0.8213333673829654 2.9001281202292506
118 3938 0.8834080386468254 3.4788608561911984
119 3914 0.8682580614329218 3.398362052448456
120 2848 0.9002097125222146 2.563797261263267
121 2344 0.994333953393956 2.330718786755433
122 3555 0.9398594730282155 3.3412004266153064
123 3500 0.8870856095975004 3.1047996335912513
124 3359 0.8771494485931363 2.946344997824345
125 3750 0.823091970900846 3.0865948908781724
126 3203 0.9645908655669566 3.0895845424109623
127 3825 0.781679207499182 2.989922968684371
128 3164 0.8155391893167555 2.5803659949982145
129 3750 0.8010813246181042 3.0040549673178907
130 3562 0.7751041738058563 2.7609210670964597
131 3191 0.8310058677594006 2.6517397240202474
132 3243 0.8318217887234028 2.6975980608299954
133 4203 0.7844829252447317 3.2971817348036074
134 3375 0.9280901949057956 3.13230440780706
135 3906 0.8480945487208885 3.3126573073037906
136 1633 1.0719718004437417 1.7505299501246305
137 3289 0.9328406585645226 3.0681129260187148
138 4055 1.003336458321909 4.068529338495342
139 3654 1.039442310173738 3.798122201374839
140 3313 1.1922666287014954 3.949979340888054
141 3969 1.0388425899482865 4.123166239504749
142 3476 1.0216933529455123 3.551406094838601
143 3883 0.9187117669092614 3.567357790908662
144 3305 0.8539093943958638 2.8221705484783297
145 4180 0.8125489708656976 3.3964546982186157
146 3515 0.8844893672020833 3.1089801257153225
147 3325 1.1271444352913789 3.7477552473438345
148 3539 0.8854403295394858 3.1335733262402403
149 3625 0.8007799504345802 2.902827320325353
0 3875 0.6538319518288002 2.5335988133366003
1 2680 0.6455843190954575 1.730165975175826
2 3875 0.6538319518288002 2.5335988133366003
3 3976 0.6842224940558282 2.720468636365973
4 3438 0.6903386910976935 2.3733844199938705
5 4039 0.6861173731026626 2.7712280699616545
6 3320 0.7072225704353116 2.3479789338452344
7 3172 0.7490574002568207 2.3760100736146352
8 2711 0.7538947673908722 2.0438087143966546
9 3508 0.7082713890832356 2.48461603290399
10 3406 0.6889224643696589 2.346469913643058
11 3508 0.7031572099477262 2.4666754924966234
12 3953 0.7051047117937368 2.787278925720641
13 3446 0.6959628648064868 2.398288032123154
14 3703 0.6605233177909401 2.445917845779851
15 3016 0.7392120979815229 2.229463687512273
16 2902 0.7591925726325393 2.203176845779629
17 3399 0.7574202571168153 2.5744714539400553
18 3851 0.6968145766158383 2.6834329345475934
19 3697 0.6808311387341058 2.5170327198999893
20 4086 0.6421190370221868 2.623698385272655
21 3743 0.7589226084318338 2.8406473233603537
22 3563 0.6935769178573326 2.471214558325676
23 3524 0.702501776074584 2.475616258886834
24 3520 0.6968032356442536 2.4527473894677727
25 3594 0.6677279318146615 2.399814186941893
26 3649 0.7332287950283963 2.6755518730586183
27 3523 0.7284587017739804 2.5663600063497327
28 3109 0.7704967724443079 2.3954744655293534
29 3406 0.665792171442529 2.2676881359332537
30 3828 0.8515597053465531 3.2597705520666054
31 1907 0.8828136777554771 1.6835256834796948
32 3649 0.7080521314143857 2.583682227531093
33 3258 0.8387745443865127 2.732727465611258
34 2616 0.8259727240590199 2.160744646138396
35 3640 0.7944628408306539 2.89184474062358
36 3383 0.7123945023695272 2.4100306015161106
37 3250 0.7359143756673024 2.3917217209187327
38 3226 0.7085903888867486 2.2859125945486514
39 3758 0.6806436865059547 2.557858973889378
40 3954 0.6642975652583135 2.6266325730313715
41 2891 0.7673580041196663 2.218431989909955
42 3774 0.6920895419170565 2.6119459311949713
43 3453 0.7168040086523455 2.475124241876549
44 3391 0.7833982019827508 2.656503302923508
45 5250 0.6113209307454123 3.2094348864134146
46 3907 0.7188662845950762 2.8086105739129623
47 17371 0.5458548588746864 9.482044753512179
48 3563 0.7196421905630781 2.564085124976247
49 3820 0.6955595353735521 2.657037425126969
50 3641 0.7330763929070776 2.6691311465746694
51 5219 0.5971773470534699 3.11666857427206
52 3789 0.6899756679955432 2.6143178060351135
53 3445 0.6931306002090537 2.38783491772019
54 3414 0.7075438041172714 2.4155545472563644
55 3245 0.743988121939786 2.4142414556946057
56 3609 0.7026861527943327 2.535994325434747
57 3452 0.7216689751955918 2.491201302375183
58 3554 0.7379322352142681 2.622611163951509
59 3008 0.8067755672597284 2.426780906317263
60 3673 0.765328299032828 2.8110508423475773
61 3500 0.7510515576431454 2.6286804517510087
62 3545 0.7419039500111003 2.6300495027893507
63 2859 0.8127085541750767 2.3235337563865444
64 3200 0.7790966320877315 2.493109222680741
65 3860 0.7076300571280589 2.7314520205143076
66 6754 0.5552878237348042 3.7504139615048677
67 5164 0.6789691973284003 3.5061969350038593
68 3273 0.740291410619631 2.4229737869580523
69 3508 0.7474751657205401 2.6221428813476546
70 3406 0.7470374812411303 2.54440966110729
71 3453 0.7199802435109579 2.4860917808433376
72 2674 0.7429489305360111 1.9866454402532936
73 3859 0.7183570201115753 2.7721397406105694
74 3510 0.750133368835954 2.6329681246141985
75 3648 0.7217480348724081 2.6329368312145447
76 3390 0.8382670473204471 2.8417252904163157
77 3413 0.8188751360765766 2.794820839429356
78 3571 0.7350332424151378 2.6248037086644573
79 3286 0.7283146570707786 2.3932419631345785
80 3109 0.7460873417682249 2.319585545557411
81 3833 0.8282424555678058 3.1746533321914
82 3320 0.7073757991366332 2.3484876531336223
83 3348 0.722478703027397 2.4188586977357254
84 3422 0.7519130275798993 2.5730463803784156
85 3450 0.7926442083369065 2.7346225187623276
86 3555 0.7162036530225683 2.5461039864952304
87 3423 0.7763721046387724 2.6575217141785177
88 3070 0.8061650363032873 2.474926661451092
89 3883 0.6908900317107685 2.682725993132914
90 3821 0.7649981738869084 2.923058022421877
91 4109 0.7280861008542975 2.991705788410308
92 3747 0.7346723796003256 2.75281740636242
93 3828 0.7252608217409346 2.776298425624298
94 3609 0.7433131456776605 2.6826171427506766
95 3687 0.7213899958258264 2.659764914609822
96 2766 0.7964561147963728 2.202997613526767
97 3932 0.7782769678797852 3.0601850377033153
98 3797 0.7373570077761166 2.799744558525915
99 3922 0.6679070038287493 2.6195312690163552
100 3461 0.7957368831857458 2.7540453527058664
101 3470 0.7362916437936512 2.5549320039639696
102 3922 0.7404335295704237 2.903980302975202
103 3593 0.8024197723300156 2.883094241981746
104 3508 0.7626542087292427 2.675390964222183
105 3664 0.7102051327668473 2.6021916064577284
106 3610 0.7340566937016724 2.6499446642630375
107 3383 0.8369266446186316 2.8313228387448306
108 3429 0.7560605313296328 2.5925315619293112
109 3649 0.9508128323686804 3.469516025313315
110 3602 0.7436942840360432 2.6787868110978277
111 1672 0.503142365512249 0.8412540351364804
112 3508 0.7626542087292427 2.675390964222183
113 3610 0.7340566937016724 2.64994466426303
114 3649 0.9508128323686804 3.469516025313315
115 2203 0.9955583264579919 2.1932149931869565
116 3875 0.7538868062685121 2.921311374290484
117 3477 0.7363294528200551 2.5602175074553317
118 3906 0.7317467899036734 2.858202961363748
119 3656 0.7860318838928081 2.8737325675121066
120 3289 0.8248593542902412 2.7129624162606034
121 3648 0.7321640735751714 2.6709345404022256
122 3804 0.7686066728181661 2.9237797834003034
123 3679 0.730090753139482 2.6860038808001545
124 3593 0.7577256683746593 2.722508326470151
125 3899 0.7061545786237255 2.753296702053906
126 3684 0.7531076735665598 2.7744486694192063
127 3500 0.8076927192182388 2.8269245172638358
128 3449 0.7696014950718478 2.654355556502803
129 2656 0.6852787162368166 1.820100270324985
130 2385 0.7291009091851388 1.738905668406556
131 2742 0.6319502644324104 1.7328076250736695
132 2348 0.6501720367167813 1.5266039422110025
133 2360 0.6815428812189452 1.6084411996767107
134 2445 0.6867599586325875 1.6791280988566766
135 2508 0.6782118930391412 1.7009554277421661
136 2375 0.6533818697907512 1.5517819407530342
137 2336 0.7117691310038673 1.6626926900250338
138 2211 0.7230611794062995 1.5986882676673284
139 2419 0.702469988764542 1.6992749028214273
140 2305 0.6496236637273791 1.497382544891609
141 2430 0.6807096699973549 1.6541244980935725
142 2383 0.6382084618079797 1.5208507644884157
143 2695 0.6028156654569499 1.62458821840648
144 2485 0.6667134224034429 1.6567828546725554
145 2390 0.6822203639024004 1.6305066697267367
146 2344 0.6872760868885315 1.6109751476667178
147 2404 0.7037703521575747 1.6918639265868096
148 2383 0.7009766477987085 1.6704273517043222
149 2328 0.70693982577141 1.6457559143958425