2 1047 0.2742211807094918 0.2871095762028379
3 1234 1.0720540919448296 1.3229147494599196
4 1609 0.23399848663652506 0.37650356499816884
5 1031 0.3036951275014546 0.31310967645399973
6 1812 0.2654625636954301 0.4810181654161193
7 1117 0.3884441340022418 0.4338920976805041
8 1031 0.33908813591488607 0.3495998681282475
9 1610 0.2567408066142378 0.41335269864892293
10 1203 0.3910982835536582 0.47049123511505087
11 1289 0.29617124369396297 0.3817647331215183
12 1039 0.33701945202661737 0.3501632106556555
13 1047 0.34439639553260676 0.3605830261226393
14 1359 0.2747123586204521 0.3733340953651944
15 1484 0.2448936178781854 0.3634221289312271
16 1609 0.2404072480602917 0.38681526212900935
17 2312 0.294083533871856 0.6799211303117311
18 1773 0.26806955730356025 0.47528732509921234
19 1047 0.31096303666098046 0.32557829938404653
20 1648 0.2621474844838788 0.4320190544294323
21 984 0.27903282381529676 0.27456829863425203
2 1781 0.24209546732326434 0.4311720273027338
3 2617 0.23711611944158006 0.620532884578615
4 1625 0.2873150130340855 0.4668868961803889
5 1664 0.2906590045150157 0.4836565835129861
6 1656 0.23745571527969378 0.3932266645031729
7 1593 0.22616106792963842 0.36027458121191397
8 1563 0.258466670391047 0.4039834058212064
9 1688 0.33241045867831864 0.5611088542490019
10 1633 0.25101882483014337 0.40991374094762417
11 1491 0.27070545518918016 0.4036218336870676
12 1562 0.20478633438036473 0.31987625430212974
13 1485 0.29602195085342387 0.4395925970173345
14 1961 0.21941096502465862 0.4302649024133556
15 1750 0.27265350112414455 0.477143626967253
16 2422 0.3133807688482948 0.75900822215057
17 2000 0.26674588953406814 0.5334917790681363
18 2320 0.21905423845663533 0.5082058332193939
19 2208 0.27974658562647836 0.6176804610632642
20 1672 0.2954725393508359 0.4940300857945976
21 1633 0.2274769921161885 0.3714699281257358
2 1969 0.3876784756563166 0.7633389185672873
3 2633 0.2988423379979889 0.7868518759487048
4 2461 0.3146212275871928 0.7742828410920816
5 2493 0.36209085964108684 0.9026925130852295
6 1914 0.42601231809085005 0.815387576825887
7 1844 0.6426275309200282 1.1850051670165322
8 1836 0.4044833134941175 0.7426313635751997
9 6375 0.2878249637758252 1.8348841440708856
10 2789 0.3563425167359839 0.993839279176659
11 1851 0.3928193711205934 0.7271086559442184
12 1930 0.40730423434819746 0.7860971722920211
13 3250 0.35186215420728373 1.1435520011736722
14 2390 0.37916791154631213 0.906211308595686
15 2108 0.31577474560450886 0.6656531637343047
16 2398 0.6356433241404132 1.524272691288711
17 4735 0.7459961551216923 3.5322917945012127
18 4031 0.2211190908065837 0.8913310550413389
19 2133 0.3364796196942413 0.7177110288078167
20 1959 0.2997758439349565 0.5872608782685798
21 2297 0.33390128923253976 0.7669712613671438
2 2382 0.4987362996300131 1.1879898657186911
3 2867 0.5360785982498311 1.5369373411822658
4 2813 0.5369476575297134 1.510433760631084
5 2859 0.6082041088176733 1.738855547109728
6 3094 0.5873735479752312 1.8173337574353654
7 2664 0.49609342031876713 1.3215928717291956
8 2156 0.5524842545846115 1.1911560528844223
9 2406 0.747193077776524 1.7977465451303167
10 2337 0.8393630711576879 1.9615914972955169
11 2437 0.5416452358567075 1.3199894397827963
12 2578 0.44814173651353834 1.155309396731902
13 2406 0.6430078061929155 1.5470767817001547
14 2415 0.8056912053286113 1.9457442608685962
15 2477 0.5409622407090087 1.3399634702362146
16 2735 0.5832955261398284 1.5953132639924306
17 2602 0.5673313242385539 1.4761961056687174
18 2312 0.7409758176432399 1.7131360903911708
19 2507 0.7695436144669648 1.929245841468681
20 2281 0.5575068936063122 1.271673224315998
21 2375 0.5977756402961403 1.4197171457033333
2 2883 0.6786370737388011 1.9565106835889636
3 3445 0.8218091362736394 2.8311324744626876
4 3343 1.0979761917341686 3.6705344089673253
5 2836 0.8487640802068189 2.4070949314665384
6 2758 0.7706011860433651 2.125318071107601
7 3000 0.5469387136711732 1.6408161410135194
8 2726 0.8803006496769165 2.399699571019274
9 2798 0.6214360617766252 1.7387781008509973
10 2547 0.7288686360609026 1.856428416047119
11 2599 0.555027836966342 1.442517348275523
12 2774 0.5835620878256634 1.6188012316283902
13 2781 0.5847373415831242 1.6261545469426684
14 2569 0.7970216112446087 2.0475485192873997
15 2609 0.5498423097623603 1.434538586169998
16 2788 0.6920197357587502 1.9293510232953957
17 3344 0.6477242445599818 2.165989873808579
18 3367 0.5802069160053323 1.9535566861899536
19 2594 0.5849846361149784 1.5174501460822543
20 3008 0.5922662891278869 1.7815369976966837
21 3429 0.5519776267932204 1.8927312822739526
2 12414 1.0065696702200133 12.495555886111244
3 750 0.5048358599757347 0.378626894981801
4 3180 0.9909632211398627 3.1512630432247635
5 5133 0.4841950627141153 2.485373256911554
6 6389 0.6051479507414416 3.8662902572870697
7 4743 0.6293431282844746 2.984974457453263
8 4211 0.6297731165016748 2.6519745935885526
9 4052 0.8904276719056492 3.6080129265616905
10 3508 0.6592958597195674 2.3128098758962423
11 7573 0.5285782966407394 4.00292344046032
12 3297 0.7143629693935938 2.3552547100906787
13 7360 0.3753010894260419 2.7622160181756685
14 3422 0.7884731164928214 2.6981550046384344
15 3203 0.8007628558939394 2.5648434274282876
16 5016 0.7606198759259386 3.815269297644508
17 3758 0.8890511483432456 3.3410542154739167
18 6484 0.5781554515267302 3.7487599476993188
19 3608 0.7564027408914866 2.7291010891364835
20 3461 0.9460852756828255 3.2744011391382593
21 3294 0.9104707327589632 2.9990905937080248
