2 4281 0.614258580501119 2.6296409831252903
3 2797 0.7105082105446573 1.9872914648934066
4 2688 0.6577900134464635 1.7681395561440938
5 15 1.3419965113792471 0.020129947670688708
6 1562 0.8093718330917313 1.2642388032892844
7 1578 0.724256237289992 1.1428763424436075
8 1071 0.7720601318870396 0.8268764012510194
9 1148 0.7920368730449621 0.9092583302556164
10 1593 0.7204835074826547 1.1477302274198689
11 992 0.7551670447142705 0.7491257083565565
12 1664 0.7615597087502544 1.2672353553604232
13 1586 0.7288322318709849 1.155927919747382
14 1118 0.7759435063796398 0.8675048401324373
15 1023 0.812306416193706 0.8309894637661613
16 1539 0.7346967152469883 1.130698244765115
17 1555 0.7301719272632299 1.1354173468943225
18 1023 0.8008235631587572 0.8192425051114087
19 1485 0.7207334966456224 1.0702892425187491
20 1592 0.7253639697594719 1.1547794398570792
21 1554 0.8109424863518672 1.2602046237908016
2 2750 0.6412777282301009 1.7635137526327773
3 2836 0.6493535257587806 1.8415665990519017
4 953 0.7801245514166881 0.7434586975001037
5 3883 0.6046337378618623 2.347792804117611
6 3229 0.6340749982815812 2.047428169451226
7 2625 0.6273008290017131 1.646664676129497
8 2711 0.6534354483374205 1.771463500442747
9 953 0.8016116005199556 0.7639358552955178
10 3015 0.6386260337980995 1.92545749190127
11 2704 0.6440257049038599 1.7414455060600371
12 2805 0.6569933761007418 1.842866419962581
13 961 0.810310237724638 0.778708138453377
14 3187 0.6342022934000076 2.021202709065824
15 2846 0.6089973567738327 1.733206477378328
16 2867 0.658814368505926 1.8888207945064899
17 2640 0.6351548256229902 1.676808739644694
18 2492 0.6395497950758359 1.593758089328983
19 3492 0.5917928480277698 2.0665406253129723
20 5378 0.5091522462947309 2.7382207805730627
21 1102 0.8396471846079001 0.9252911974379059
2 3336 0.6541283639436195 2.182172222115915
3 3180 0.639392548035815 2.033268302753892
4 2969 0.668876987705783 1.9858957764984695
5 3859 0.6510715397860332 2.512485072034302
6 3289 0.6536576755800928 2.149880094982925
7 4553 0.5755492097318358 2.620475551909048
8 2563 0.6717990178810028 1.7218208828290102
9 2093 0.7947326257269209 1.6633753856464455
10 4094 0.6563543890176259 2.6871148686381603
11 3350 0.6799634718125344 2.2778776305719903
12 7867 0.42843027661910155 3.3704609861624717
13 3909 0.6511537369318077 2.545359957666436
14 2844 0.690409913825646 1.9635257949201372
15 1133 0.8601596900146077 0.9745609287865505
16 3406 0.6485453295751941 2.208945392533111
17 1828 1.123727974043157 2.0541747365508907
18 2975 0.6916292239065869 2.057596941122096
19 2977 0.7863032400831214 2.3408247457274522
20 3305 0.7137016427422755 2.358783929263221
21 3073 0.6502063103140696 1.9980839915951358
2 3898 0.6785491307986696 2.6449845118532145
3 3601 0.6579996762552223 2.3694568341950553
4 3297 0.675667719519276 2.227676471255053
5 3523 0.6749186627670167 2.3777384489282
6 2875 0.7367697572979417 2.1182130522315825
7 3311 0.6687647057170869 2.214279940629275
8 3235 0.7313615045095497 2.365954467088393
9 3580 0.6494048434147632 2.3248693394248527
10 3071 0.6800287198809852 2.0883681987545057
11 3313 0.6743253323833934 2.2340398261861822
12 4024 0.667219856109008 2.6848927009826484
13 2727 0.7577444017110044 2.066368983465909
14 4016 0.6846570449430199 2.749582692491168
15 3438 0.6458621327732983 2.2204740124745994
16 3930 0.6640301007510307 2.6096382959515507
17 3539 0.679301196646116 2.4040469349306046
18 3399 0.7061070322682028 2.4000578026796218
19 3844 0.6861000172922423 2.6373684664713797
20 3750 0.7628520707113734 2.8606952651676503
21 3160 0.6908315012030557 2.183027543801656
2 4851 0.7668537071546176 3.7200073334070503
3 3992 0.7613870358326423 3.039457047043908
4 3860 0.7418398721242271 2.8635019063995166
5 4320 0.7349486108689294 3.174977998953775
6 3476 0.7813275640304399 2.715894612569809
7 4304 0.7028471127212007 3.025053973152048
8 4312 0.7347422337058415 3.1682085117395884
9 4384 0.7800363315169015 3.419679277370096
10 4546 0.6767982403746563 3.0767248007431878
11 3828 0.783033947408129 2.997453950678318
12 4179 0.7462761282893331 3.118687940121123
13 2593 0.902377113487657 2.3398638552734945
14 3790 0.75464960250973 2.8601219935118767
15 3844 0.761217139662961 2.926118684864422
16 4969 0.6803167489714401 3.380493925639086
17 3571 0.8698145612298668 3.106107798151854
18 4351 0.7417511526207813 3.2273592650530194
19 3578 0.7984718906438332 2.856932424723635
20 4124 0.7515601576686519 3.0994340902255204
21 3602 0.8286108907665527 2.984656428541123
2 4187 1.0143048186098382 4.246894275519393
3 5914 0.8604721460301893 5.08883227162254
4 5531 0.9386753664231535 5.191813451686462
5 7249 0.8203838700631958 5.946962674088106
6 5414 1.0592418847183807 5.734735563865313
7 5610 0.9720860358419832 5.453402661073525
8 4810 0.9205677205773167 4.427930735976894
9 5586 0.9321711634255586 5.20710811889517
10 5868 0.8915053268073481 5.231353257705519
11 5297 0.9163248911708426 4.853772948531954
12 5101 0.9390315959982087 4.790000171186863
13 29636 0.39930540808378867 11.833815073971161
14 4483 1.0825384907773017 4.853020054154643
15 4875 0.9509063699907129 4.6356685537047255
16 5820 0.8284679264166781 4.821683331745066
17 5234 0.8897341017211924 4.656868288408721
18 4992 0.9435801023691656 4.710351871026875
19 4757 0.9324129203192043 4.435488261958455
20 5085 0.9397077512375461 4.778413915042922
21 5321 0.9058366760382902 4.819956953199743

