10 602 0.3732540940372024 0.22469896461039585
11 695 0.30307984144548655 0.21064048980461314
12 281 0.26015889642109785 0.0731046498943285
13 890 0.2060423646074689 0.1833777045006473
14 320 0.20165271219010333 0.06452886790083306
15 1894 0.27571642934491963 0.5222069171792778
16 24 0.9698663811773156 0.023276793148255575
17 1813 0.2702116191084114 0.4898936654435499
18 414 0.4180318036102388 0.17306516669463887
19 1524 0.2604975123687898 0.3969982088500357
20 1551 0.3276057331259145 0.5081164920782933
21 2075 0.24976331282691466 0.5182588741158479
22 1461 0.21931389074917323 0.3204175943845421
23 680 0.21570271927202686 0.14667784910497828
24 312 0.20490144791903595 0.06392925175073921
25 2403 0.26117852916981316 0.6276120055950609
26 8 0.8444010473793521 0.006755208379034817
27 1180 0.253407564267829 0.29902092583603823
28 1570 0.1765852859196731 0.27723889889388675
29 344 0.19989410822800216 0.06876357323043274
4 1508 1.0184141153703032 1.535768485978417
5 617 0.8102921583166558 0.49995026168137663
6 1350 0.830344945693662 1.1209656766864438
7 1836 0.7965093565285545 1.462391178586426
8 789 0.8120660933233699 0.6407201476321388
9 242 1.0200712168918322 0.2468572344878234
10 2475 0.6556231769246024 1.622667362888391
11 1969 0.8017781943016179 1.5787012645798857
12 16 1.7785780097923625 0.0284572481566778
13 359 0.748235878587463 0.2686166804128992
14 1560 0.7478148054783444 1.1665910965462174
15 2382 0.6928937695432461 1.6504729590520122
16 1625 0.8879031829886728 1.4428426723565932
17 1894 0.7389923564497569 1.3996515231158395
18 508 0.7854445754926068 0.3990058443502443
19 1456 0.7554086747996425 1.0998750305082794
20 3056 0.6618469476435448 2.0226042719986728
21 2203 0.8099083646245601 1.784228127267906
22 1195 0.7469285235590244 0.8925795856530342
23 1515 0.7033354012663017 1.065553132918447