0 609 1.4194145965540605 0.8644234893014228
1 2609 0.1632834925770646 0.42600663213356155
2 1390 0.17534935415129968 0.24373560227030658
3 2492 0.16979059895383022 0.42311817259294493
4 2773 0.1600656510753133 0.44386205043184374
5 1820 0.19236154303543881 0.35009800832449867
6 1664 0.235464450527816 0.39181284567828584
7 2195 0.23872029349924115 0.5239910442308343
8 1977 0.17647606460364654 0.3488931797214092
9 1875 0.17179024890881944 0.32210671670403646
10 2148 0.20466900266315313 0.43962901772045293
11 1398 0.28165427744857585 0.3937526798731091
12 2718 0.25131878761929766 0.683084464749251
13 2555 0.17045660384357125 0.43551662282032455
14 1383 0.20315066355899292 0.2809573677020872
15 1883 0.18926954912330718 0.3563945609991874
16 1937 0.15918144933042155 0.3083344673530265
17 1805 0.18940102268451525 0.34186884594555006
18 2485 0.18401633697867187 0.4572805973919996
19 2937 0.28191277750755234 0.8279778275396812
20 2570 0.30057007945230313 0.7724651041924191
21 2180 0.31306941697865354 0.6824913290134647
22 2125 0.27767961424813836 0.5900691802772939
23 3664 0.246800922634763 0.9042785805337716
24 2063 0.2527272490905303 0.521376314873764
25 2649 0.26816888578992015 0.7103793784574985
26 2078 0.30874212951025043 0.6415661451223005
27 1941 0.48355861261060734 0.9385872670771888
28 2649 0.27597684002080136 0.7310626492151029
29 2375 0.3287177046535303 0.7807045485521343
30 2133 0.3775369210043663 0.8052862525023133
31 2854 0.22771133019430384 0.6498881363745431
32 2055 0.2932746677154312 0.6026794421552112
33 1117 1.307031758116764 1.4599544738164254
34 2195 0.32611988242150675 0.7158331419152073
35 2016 0.3650757696445684 0.7359927516034499
36 3391 0.3645778228905354 1.2362833974218057
37 2445 0.30508595191188387 0.7459351524245561
38 4374 0.5042059568668372 2.2053968553355463
39 4664 0.46664196925913465 2.176418144624604
40 3437 0.4253295598131391 1.461857697077759
41 3195 0.4764710518136809 1.5223250105447106
42 4053 0.4276589307946738 1.733301646510813
43 4317 0.5383067206737447 2.3238701131485557
44 4907 0.47863791823894003 2.348676264798479
45 5937 0.5139096128448771 3.0510813714600356
46 5829 0.44196626080929546 2.5762213342573834
47 3774 0.46677646137850215 1.7616143652424672
48 4370 0.5179490799088591 2.2634374792017145
49 6265 0.4647088222262732 2.9114007712476013
50 8383 0.2987482755965587 2.5044067943259516
51 3381 0.5681857377755879 1.9210359794192626
52 3977 0.5194482876361215 2.0658458399288553
53 5028 0.522998532647837 2.6296366221533245
54 2898 0.48119892444547924 1.3945144830429987
55 3303 0.4905607037235224 1.6203220043987945
56 4718 0.45117623608738305 2.1286494818602733
57 4406 0.5470510264489706 2.4103068225341646
58 3281 0.6495887245699412 2.131300605313977
59 3820 0.4954011638609505 1.8924324459488309
60 4203 0.510751396853744 2.1466881209762865
61 6157 0.325179573977371 2.002130636978673
62 4403 0.48484200640934205 2.134759354220333
63 3617 0.5542628366403076 2.0047686801279925
64 3976 0.5423266407860309 2.156290723765259
65 3969 0.5609656188193014 2.2264725410938073
66 5297 0.5573033334757943 2.9520357574212825
67 3967 0.6382231950844826 2.531831414900142
68 3828 0.5466438220436526 2.092552550783102
69 5036 0.5116058372732636 2.5764469965081553
70 4601 0.5571123277052806 2.5632738197719958
71 4414 0.5325951566329078 2.3508750213776546
72 5203 0.4695933108676078 2.4432939964441633
73 4664 0.5454449237449267 2.543955124346338
74 4703 0.4858109705712863 2.2847689945967593
75 4272 0.5873770359877282 2.5092746977395746
76 5367 0.5766437387695805 3.0948469459763386
77 4515 0.5463421701727817 2.4667348983301096
78 4539 0.47089258563636976 2.1373814462034826
79 9406 0.36775322372380775 3.4590868223461357
80 4570 0.5136727892139814 2.347484646707895
81 8680 0.2993664220756325 2.59850054361649
82 4750 0.48418622087765023 2.2998845491688384
83 7396 0.38193443549712086 2.824787084936706
84 8031 0.33855067646722214 2.718900482708261
85 5831 0.47674295674795963 2.779888180797353
86 6064 0.38206230799510904 2.3168258356823412
87 938 1.037912861617043 0.9735622641967863
88 4354 0.632453806547113 2.7537038737061303
89 4367 0.4345995726485825 1.89789633375636
90 5092 0.5276063615274544 2.686571592897798
91 4672 0.44988263539801365 2.10185167257952
92 5976 0.45347552927679974 2.709969762958155
93 4070 0.62963452378644 2.5626125118108107
94 4919 0.5170532923712586 2.5433851451742213
95 4898 0.5800976524599273 2.8413183017487236
96 4781 0.5172829189783446 2.4731296356354657
97 4274 0.599685850943268 2.5630573269315273
98 7913 0.43185617974954976 3.417277950358187
99 3799 0.7916018490313149 3.0072954244699655
100 7403 0.4134835258679204 3.0610185420002147
101 5310 0.6266864180123544 3.3277048796456015
102 4781 0.5534238902380668 2.6459196192281973
103 7681 0.5392107235560648 4.141677567634134
104 4267 0.5245911885628084 2.2384306015975035
105 4820 0.4359947144852645 2.1014945238189746
106 6497 0.5816926799943896 3.7792573419235485
107 5383 0.5527523127620511 2.975465699598121
108 4576 0.5964576729461311 2.7293903114014957
109 6336 0.5653605970030267 3.5821247426111773
110 5086 0.4652858883244843 2.366444028018327
111 4867 0.5877899345634371 2.8607736115202482
112 6008 0.6537106784936728 3.9274937563899863
113 4968 0.4891120012207769 2.4299084220648197
114 6133 0.62629590480698 3.8410727841812085
115 5976 0.5233653681984091 3.1276314403536927
116 4820 0.5787986502388014 2.7898094941510228
117 7089 0.5208434123028516 3.692258949814915
118 7446 0.5689872360739671 4.236678959806759
119 7563 0.5234136874060891 3.9585777178522514
120 8313 0.5471011655236636 4.548051988998216
121 6632 0.6268747577914405 4.157433393672833
122 4992 0.6012930280541312 3.001654796046223
123 5407 0.5419145442254113 2.930131940626799
124 4977 0.5605429813670272 2.789822418263694
125 5947 0.573715854979704 3.4118881895643
126 5351 0.5859252656252844 3.135286096360897
127 4619 0.60809415111184 2.8087868839855887
128 4391 0.5167276152134344 2.2689509584021903
129 5578 0.4898055256896821 2.732135222297047
130 5853 0.6016229917780214 3.521299370876759
131 6610 0.6596085351380363 4.36001241726242
132 7117 0.644891544914738 4.58969312515819
133 9804 0.4281762803575107 4.197840252625035
134 13687 0.3850594553865266 5.27030876587539
135 5703 0.5559724632247561 3.170710957770784
136 10425 0.5334732703650205 5.561458843555338
137 8554 0.543204891432711 4.64657464131541
138 7140 0.5589433485394297 3.9908555085715283
139 5984 0.6208470464545197 3.715148725983846
140 6617 0.5826740584216182 3.8555542445758477
141 7837 0.42988274392747006 3.368991064159583
142 5243 0.6460542829037383 3.3872626052643
143 6617 0.6059261150996764 4.009413103614559
144 9727 0.5079428267128449 4.940759875435842
145 4806 0.615870522654625 2.9598737318781283
146 5946 0.5764544225583694 3.427597996532065
147 5328 0.6532950509167239 3.4807560312843053
148 6383 0.6208887429474951 3.963132846233861
149 6757 0.512826814685514 3.465170786830018
150 6703 0.555705025461405 3.7248907856677977
151 5656 0.6247497052265614 3.533584332761431
152 5640 0.633766864177144 3.574445113959092
153 6058 0.5124015721271836 3.1041287239464785
154 4914 0.6033584684019925 2.964903513727391
155 5870 0.6487694370009442 3.8082765951955424
156 5492 0.590759322452355 3.2444501989083334
157 6128 0.5811266556884352 3.561144146058731
158 6826 0.5860353259965774 4.000277135252637
159 5742 0.5902025663732043 3.388943136114939
160 5659 0.6079733729445842 3.440521317493402
161 5078 0.5960436816649941 3.02670981549484
162 4800 0.6461392357865258 3.1014683317753238
163 5441 0.5455429732986499 2.9682993177179537
164 5546 0.5548863300477124 3.0773995864446126
165 5435 0.5883446880311273 3.197653379449177
166 5516 0.5475425253039444 3.020244569576558
167 6028 0.574634172087289 3.4638947893421776
168 4984 0.6157576986311911 3.0689363699778562
169 5307 0.6018403207696358 3.193966582324457
170 5313 0.608319742511412 3.2320027919631316
171 5680 0.567553624535415 3.223704587361157
172 5300 0.5815064003013264 3.0819839215970295
173 5789 0.47950624812986076 2.775861670423764
174 5266 0.5529145960145064 2.9116482626123905
175 5180 0.6046196949179437 3.131930019674948
176 3477 0.9569048026577595 3.3271579988410296
177 5281 0.5894163757449866 3.1127078803092743
178 6578 0.5008044848449643 3.2942919013101752
179 5339 0.5870423057061095 3.1342188701649185
180 5172 0.5870847827057446 3.0364024961541114
181 6866 0.5480897282521192 3.7631840741790503
182 5321 0.6114687326579008 3.25362512647269
183 5949 0.5298114492397047 3.151848311527003
184 5219 0.5889477658100262 3.0737183897625266
185 5863 0.5770249877734689 3.383097503315848
186 5437 0.5752409115637709 3.1275848361722223
187 5869 0.581827257530229 3.414744174444914
188 6695 0.5817902084221149 3.8950854453860595
189 6806 0.5571535989328831 3.791987394337202
190 7203 0.5461074069717983 3.933611652417863
191 7586 0.5389520473533129 4.088490231222232
192 6669 0.5407671020805894 3.606375803775451
193 6578 0.6117261581725296 4.0239346684589
194 5641 0.6262229292678698 3.5325235440000538
195 6330 0.7045989138746276 4.460111124826392
196 6643 0.6237214080322067 4.143381313557948
197 6438 0.5844925848597006 3.7629632613267523
198 5929 0.5892989557940398 3.493953508902862
199 6794 0.5787989366963894 3.9323599759152694
200 7069 0.5552183673080855 3.9248386385008565
201 7187 0.5365190733371137 3.855962580073836
202 7908 0.5636889712548196 4.457652384683114
203 7977 0.5475144522944928 4.3675227859531685
204 6486 0.5925583483807713 3.8433334475976824
205 6836 0.5637374527732057 3.8537092271576343
206 6164 0.6139449914886999 3.7843569275363462
207 6663 0.6220808456655069 4.144924674669272
208 7430 0.5558809818688877 4.130195695285836
209 6546 0.6581762645086465 4.308421827473601
210 7054 0.5343663273447512 3.7694200730898753
211 7047 0.5974966355962125 4.210558791046509
212 7340 0.6030358864670977 4.426283406668497
213 6672 0.6347332724563242 4.234940393828595
214 8120 0.5932885527536427 4.817503048359578
215 29788 0.19570755493174838 5.829736646306921
216 6791 0.6346326914139825 4.309790607392355
217 10967 0.48318165328591034 5.299053191586578
218 6416 0.6323468567117536 4.0571374326626115
219 7140 0.6160861460691233 4.39885508293354
220 7516 0.5239985781107463 3.93837331308037
221 6441 0.6107157394651545 3.9336200778950596
222 7464 0.5907578720237348 4.4094167567851565
223 6632 0.6657844448115932 4.415482437990486
224 7193 0.6509966406990089 4.682618836547971
225 7242 0.6154084198265944 4.456787776384197
226 8344 0.5535520106680483 4.618837977014195
227 7821 0.6065074476655754 4.743494748192465
228 8961 0.6034134275761488 5.407187724509869
229 7996 0.6620608486616468 5.293838545898527
230 11274 0.5840565828234329 6.5846539147513825
231 8344 0.6596700723493742 5.504287083683179
232 7975 0.5908960450222638 4.712395959052554
233 7633 0.6247208180954337 4.768494004522445
234 7985 0.56506402448176 4.512036235486853
235 6791 0.6926634658827233 4.7038775968095745
236 7552 0.6171120494393785 4.6604301973661855
237 6875 0.6547794330412582 4.50160860215865
238 7328 0.6583499701929222 4.824388581573734
239 7172 0.6781890625243066 4.863971956424327
240 7954 0.6211774597636246 4.940845514959871
241 8250 0.6341844489478072 5.2320217038194095
242 7587 0.6338000290062124 4.808640820070133
243 7156 0.6566298870150478 4.698843471479682
244 8639 0.5671811592336092 4.8998780346191495
245 7635 0.6110675369030181 4.665500644254543
246 7602 0.6256443808942003 4.75614858355771
247 8281 0.583921713642746 4.83545571067558
248 7797 0.6371526543301224 4.9678792458119645
249 8314 0.6436101491702543 5.350974780201494
250 6859 0.7038529877404126 4.82772764291149
251 8569 0.5875497360321674 5.034713688059643
252 9586 0.5992397678788765 5.7443124148869105
253 8610 0.6055038517937731 5.213388163944386
254 8376 0.6403623118232443 5.363674723831495
255 8949 0.5779311593136807 5.171905944698128
256 9243 0.6156389275567518 5.690350607407057
257 9047 0.6043633387881241 5.467675126016159
258 7586 0.6269172821850837 4.755794502656045
259 9604 0.5602784238151914 5.380913982321099
260 9904 0.543508780350096 5.38291096058735
261 9523 0.5504388948424365 5.241829595584522
262 8406 0.5996614693441333 5.040754311306785
263 8429 0.6355382882500935 5.3569522316600375
264 8234 0.6859554368677593 5.64815706716913
265 8922 0.5692978136405141 5.079275093300668
266 8078 0.6053145198552866 4.889730691391005
267 9500 0.6024948175927456 5.723700767131083
268 9826 0.6185850627140442 6.078216826228198
269 8639 0.6336189669628636 5.473834255592178
270 7813 0.6721812274217933 5.251751929846471
271 29341 0.21137936155845713 6.202081847486691
272 10032 0.650255093615908 6.52335909915479
273 9515 0.5643287628354476 5.369588178379285
274 9023 0.6378341560461226 5.7551775900041635
275 9926 0.5841551023184958 5.798323545613389
276 9717 0.7140161645058669 6.938095070503509
277 9718 0.5881281474326675 5.715429336750662
278 9100 0.6234080169320041 5.673012954081238
279 9237 0.6161847922873763 5.691698926358495
280 8549 0.6451513950010644 5.5153992758641
281 10043 0.6324909815103137 6.35210692730808
282 8395 0.6365606206317658 5.343926410203674
283 9125 0.611572979902992 5.5806034416148025
284 8383 0.617043195010427 5.17267310377241
285 11444 0.5260347171358092 6.0199413029021995
286 8742 0.6571055662452494 5.74441686011597
287 9054 0.6968627266825939 6.309395127384205
288 9406 0.599785145732559 5.641579080760451
289 9861 0.5872392883506435 5.7907666224256955
290 8758 0.7030715889571788 6.157500976086972
291 9578 0.6879296870916076 6.588990542963418
292 8761 0.6783407613253934 5.942943409971772
293 10434 0.6057559529940849 6.320457613540282
294 7657 0.7334228076532929 5.615818438201265
295 29407 0.24906195133278206 7.324164802843121
296 29137 0.2506728236258562 7.303854061986572
297 8141 0.6951574217170524 5.659276570198523
298 9852 0.6674198015237637 6.57541988461212
299 8210 0.698450083397795 5.734275184695897
