1 1992 0.2482358243220535 0.49448576204953054
1 1992 0.2482358243220535 0.49448576204953054
2 11103 0.11840745266676372 1.3146779469590777
3 2609 0.17221537964329892 0.4493099254893669
4 1867 0.19940232467097363 0.37228414016070777
5 1562 0.22314321205695925 0.34854969723297036
6 1883 0.2105657572394229 0.3964953208818333
7 1876 0.19813415894294645 0.3716996821769675
8 1547 0.19065130108401987 0.29493756277697875
9 1554 0.19989237767599005 0.3106327549084886
10 2351 0.19335723178342828 0.45458285192283987
11 1567 0.28036500971083683 0.4393319702168813
12 2148 0.1840911795780807 0.3954278537337173
13 1617 0.16655386772191288 0.26931760410633315
14 1937 0.21120810270009754 0.409110094930089
15 1281 0.20098163918106 0.25745747979093786
16 1594 0.17446795771713422 0.27810192460111194
17 2015 0.18560581228014306 0.37399571174448826
18 1538 0.17916221981291297 0.27555149407226015
19 1961 0.2806080721961517 0.5502724295766535
20 1914 0.32546418212231176 0.6229384445821047
21 1602 0.3629193508424586 0.5813968000496186
22 1742 0.32690405263228917 0.5694668596854477
23 1191 0.28766526611875076 0.34260933194743215
24 1914 0.2322444869872442 0.4445159480935854
25 1804 0.29781450684090083 0.5372573703409851
26 1664 0.24934303609460212 0.41490681206141794
27 2406 0.24860419160232589 0.5981416849951962
28 2164 0.25206368810208374 0.5454658210529092
29 1775 0.26733564980198227 0.47452077839851853
30 1555 0.2937618612412728 0.45679969423017924
31 1734 0.2589330702188619 0.44898994375950657
32 2677 0.22799042423133856 0.6103303656672934
33 2046 0.2191858162641688 0.44845418007648935
34 1945 0.2492303362819727 0.4847530040684369
35 1719 0.2916936379216862 0.5014213635873785
36 2134 0.2739765855732129 0.5846660336132363
37 2008 0.2516284523829272 0.5052699323849178
38 1875 0.2696855685544811 0.5056604410396521
39 2203 0.3218664494601127 0.7090717881606283
40 2664 0.3159095282076615 0.8415829831452102
41 2209 0.300967820267031 0.6648379149698714
42 2617 0.2917289662258061 0.7634547046129345
43 2617 0.3110926050799369 0.814129347494195
44 2211 0.38503256457123763 0.8513070002670065
45 1992 0.3374039445965689 0.6721086576363653
46 2430 0.2509042499431933 0.6096973273619598
47 2844 0.2749109124570321 0.7818466350277993
48 1898 0.3328879471548155 0.6318213236998398
49 2508 0.2804468219990763 0.7033606295736833
50 2273 0.3055110545640613 0.6944266270241113
51 2416 0.2701209833861651 0.6526122958609749
52 2930 0.2885806533233306 0.8455413142373586
53 2289 0.3611829002064663 0.8267476585726014
54 9938 0.13355439786595372 1.327263605991848
55 2149 0.2762683154013343 0.5937006097974673
56 3227 0.2665441189670262 0.8601378719065935
57 2539 0.2907634081731177 0.7382482933515458
58 2391 0.31650310316942254 0.7567589196780894
59 3102 0.3411784375488119 1.0583355132764145
60 2727 0.4143153582455755 1.1298379819356845
61 2391 0.38594233852679366 0.9227881314175636
62 2328 0.35314594418480943 0.8221237580622364
63 2282 0.32902717528841346 0.7508400140081595
64 2227 0.41382235139719914 0.9215823765615625
65 3336 0.3842518321064212 1.281864111907021
66 2359 0.3486947846690301 0.822570997034242
67 3289 0.3072647112058771 1.0105936351561298
68 2438 0.35905654874593507 0.8753798658425896
69 2468 0.3215403862964306 0.7935616733795907
70 2352 0.3551346299020301 0.8352766495295748
71 2680 0.3479627981418822 0.9325402990202444
72 2500 0.3672370341429334 0.9180925853573335
73 2625 0.3524334913367021 0.9251379147588431
74 2437 0.3803224624399079 0.9268458409660556
75 2688 0.31286089927442556 0.8409700972496559
76 1600 0.6222718765077423 0.9956350024123877
77 3070 0.3247387226174663 0.9969478784356214
78 2446 0.3697640038888192 0.9044427535120518
79 3032 0.43915616583775136 1.3315214948200622
80 3024 0.3908804670416639 1.1820225323339917
81 2695 0.3665188202389813 0.9877682205440547
82 3195 0.36680516139926167 1.171942490670641
83 3179 0.3859455762521776 1.2269209869056725
84 3164 0.3932447627894563 1.2442264294658398
85 3387 0.39796698978144884 1.3479141943897672
86 3047 0.4012528415588914 1.2226174082299421
87 3333 0.35116931810828295 1.1704473372549071
88 2992 0.42027308810909325 1.257457079622407
89 2969 0.4020238332079286 1.19360876079434
90 3127 0.43295742855908165 1.3538578791042482
91 2946 0.3832269594950725 1.1289866226724836
92 2672 0.4256250700516078 1.137270187177896
93 2633 0.408911746128852 1.0766646275572673
94 2703 0.4208753121580104 1.137625968763102
95 3759 0.3752511128450494 1.4105689331845408
96 3031 0.4288477841002782 1.2998376336079431
97 3211 0.3641721348208867 1.169356724909867
98 2832 0.3684719273472854 1.0435124982475121
99 3047 0.44046117194703593 1.3420851909226186
100 3375 0.4374733897010784 1.4764726902411396
101 3086 0.40179563408991603 1.239941326801481
102 3180 0.4394572166048235 1.3974739488033388
103 3000 0.4459718256223983 1.3379154768671948
104 3589 0.4568633570192356 1.6396825883420365
105 3367 0.40825867863740445 1.3746069709721407
106 3359 0.3861382897478797 1.2970385152631279
107 3461 0.4831812883711798 1.6722904390526532
108 3383 0.46338209005908576 1.567621610669887
109 3110 0.47586889348373546 1.4799522587344172
110 2893 0.48305532741636636 1.397479062215548
111 3172 0.4204731716756234 1.3337409005550775
112 3039 0.4253431700198866 1.2926178936904353
113 3812 0.4610653898239255 1.757581266008804
114 3258 0.4495678496413281 1.464692054131447
115 3508 0.4038842209196794 1.4168258469862354
116 3446 0.4440931417226799 1.5303449663763549
117 3820 0.4169129422408276 1.5926074393599612
118 3093 0.4371028936890652 1.3519592501802786
119 3601 0.4582322127327283 1.6500941980505546
120 4024 0.413166576090935 1.6625823021899222
121 3191 0.4617814729364296 1.473544680140147
122 3930 0.4855481347805864 1.9082041696877046
123 4406 0.4351258188554851 1.9171643578772675
124 4336 0.4192889280017766 1.8180367918157032
125 3789 0.39620737714455206 1.5012297520007079
126 3617 0.43290020314713584 1.5658000347831904
127 3680 0.43242429102906393 1.5913213909869552
128 3664 0.4571237264392008 1.6749013336732317
129 3445 0.4635814429667937 1.5970380710206042
130 3633 0.43849514341166235 1.5930528560145691
131 3329 0.686370314930984 2.284926778405246
132 4774 0.3844942991017499 1.8355757839117541
133 3595 0.4508180616067565 1.6206909314762898
134 3930 0.4511160072715044 1.7728859085770123
135 6063 0.3832685558117492 2.3237572538866353
136 3401 0.49327111407127694 1.677615058956413
137 3687 0.42368079481537185 1.562111090484276
138 3742 0.5211621196703442 1.9501886518064282
139 3531 0.5051881185953078 1.7838192467600318
140 3359 0.491141972304327 1.6497458849702342
141 3250 0.5126140311032263 1.6659956010854855
142 3490 0.5177653785558604 1.8070011711599527
143 5140 0.40842567389143947 2.099307963801999
144 3860 0.49492745885618755 1.9104199911848838
145 3484 0.5653233195316829 1.969586445248383
146 3461 0.4742166183070341 1.641263715960645
147 3360 0.412271619084087 1.3852326401225323
148 3680 0.42866902266767426 1.5775020034170413
149 4385 0.4158157386424266 1.8233520139470407
150 4211 0.41921509667193846 1.765314772085533
151 3867 0.4750103685452396 1.8368650951644416
152 4886 0.43301490001249804 2.1157108014610655
153 3875 0.4981221866548026 1.93022347328736
154 3719 0.4642633978034053 1.7265955764308645
155 4049 0.4357606545983722 1.7643948904688092
156 3796 0.4477071665821929 1.6994964043460044
157 4031 0.4720992069787139 1.9030319033311958
158 3682 0.40289185935001665 1.4834478261267614
159 3789 0.525700349050457 1.9918786225521816
160 4058 0.49617931542389904 2.0134956619901825
161 4172 0.45311973680746065 1.890415541960726
162 4165 0.4626355156853743 1.926876922829584
163 3695 0.52373350130457 1.9351952873203861
164 3666 0.5241028520677739 1.9213610556804588
165 3875 0.5089652077583744 1.9722401800637006
166 3526 0.5295428977537084 1.8671682574795758
167 4031 0.5074745874974261 2.045630062202125
168 3937 0.49087987591696436 1.9325940714850887
169 3969 0.49729242227561776 1.9737536240119269
170 3633 0.5531158128906438 2.009469748231709
171 3625 0.5330240710261173 1.932212257469675
172 5000 0.44542771830029926 2.2271385915014963
173 4156 0.4824325783959415 2.004989795813533
174 4007 0.46482067409137573 1.8625364410841425
175 3948 0.5037428618888183 1.988776818737055
176 4492 0.47055366625255746 2.1137270688064884
177 4071 0.5006124106477716 2.037993123747078
178 4644 0.44664761796136393 2.074231537812574
179 4031 0.588471181506589 2.37212733265306
180 4060 0.5649664129563705 2.293763636602864
181 4218 0.523531138283162 2.2082543412783777
182 4414 0.5250321056482364 2.3174917143313154
183 4375 0.5492838888207976 2.4031170135909896
184 4391 0.4825569183553509 2.118907428498346
185 4266 0.5352288912388847 2.283286450025082
186 4870 0.4626157052587401 2.2529384846100644
187 4344 0.5289873231547935 2.297920931784423
188 4938 0.48452528147632895 2.3925858399301125
189 4281 0.5241642135179647 2.243946998070407
190 4385 0.5065352018404506 2.2211568600703764
191 5157 0.45933135777177614 2.3687718120290495
192 6026 0.42417812563804913 2.556097385094884
193 5078 0.46109746701537097 2.341452937504054
194 4527 0.4866147588211276 2.2029050131832446
195 4812 0.5210168227245818 2.507132950950688
196 4282 0.49856057361140116 2.13483637620402
197 4573 0.4906425289750869 2.2437082850030725
198 5078 0.5019691114410233 2.5489991478975162
199 4382 0.5653188778907335 2.4772273229171944
200 6078 0.6040089058770519 3.6711661299207217
201 5051 0.5298589496301912 2.676317554582096
202 4586 0.5329309400122181 2.444021290896032
203 4508 0.5759186341073073 2.596241202555741
204 4595 0.7088052429032219 3.2569600911403045
205 5007 0.563414882303428 2.821018315693264
206 5032 0.48732633059875125 2.4522260955729163
207 5633 0.5128969391389094 2.8891484581694766
208 4704 0.5098702053171776 2.3984294458120035
209 4914 0.5015243395506843 2.4644906045520627
210 4910 0.8405966465984825 4.12732953479855
211 5291 0.45685819917071263 2.4172367318122405
212 5039 0.44740651604940734 2.2544814343729636
213 4620 0.4096023188515681 1.8923627130942449
214 5320 0.4950624873354335 2.633732432624506
215 4767 0.512025959609549 2.44082774945872
216 4617 0.5178970852962512 2.391130842812792
217 4420 0.49304402623356447 2.179254595952355
218 4469 0.5589934298886284 2.4981416381722807
219 4266 0.5094805071433839 2.1734438434736756
220 5206 0.5960825361501313 3.1032056831975834
221 5758 0.5783525374021504 3.3301539103615823
222 4945 0.5122008367778171 2.5328331378663056
223 4805 0.5385276205131946 2.5876252165659
224 5034 0.6244358037612073 3.143409836133918
225 5471 0.5452301200278094 2.9829539866721446
226 5469 0.5161895167245043 2.823040466966314
227 5266 0.5246720948458876 2.762923251458444
228 5110 0.5392261127256293 2.7554454360279657
229 5414 0.4654899114453403 2.5201623805650724
230 5265 0.5707047230610308 3.004760366916327
231 5556 0.5676332447389332 3.1537703077695127
232 5769 0.520225573752848 3.0011813349801795
233 5633 0.559160480813432 3.149750988422062
234 5572 0.5930886360386779 3.3046898800075133
235 5313 0.49816801083004103 2.646766641540008
236 5179 0.5103303101070698 2.6430006760445144
237 6023 0.4818859806669318 2.90239926155693
238 5649 0.5136447566722724 2.901579230441667
239 6274 0.6084462712801613 3.817391906011732
240 5878 0.5586582684184763 3.283793301763804
241 7604 0.4757069538226207 3.6172756768672074
242 5813 0.6580685938375188 3.825352735977497
243 6246 0.557669925325267 3.4832063535816182
244 5961 0.5092719502293374 3.0357700953170803
245 5832 0.47519967233144106 2.771364489036964
246 6922 0.499794242906314 3.4595757493975055
247 6680 0.5310964092309632 3.547724013662834
248 5824 0.5470352104775981 3.1859330658215312
249 6219 0.5328398438674756 3.3137309890118307
250 6883 0.5109930995994266 3.5171655045428536
251 6086 0.5742202689591077 3.4947045568851296
252 5714 0.5918029661161763 3.3815621483878315
253 6472 0.5324572785954133 3.4460635070695145
254 6203 0.6195369701402919 3.842987825780231
255 6438 0.5505976345871115 3.5447475714718237
256 6606 0.49166779614740447 3.247957461349754
257 5764 0.46887870565879575 2.7026168594172986
258 6359 0.47056912592344835 2.992349071747208
259 2512 0.5455934362254286 1.3705307117982766