5 1711 0.2757437565799524 0.47179756750829865
6 1828 0.3075381709821488 0.562179776555368
7 1891 0.2067878101734344 0.3910357490379644
8 1703 0.27183407133931226 0.4629334234908487
5 1711 0.2757437565799524 0.47179756750829865
6 1828 0.3075381709821488 0.562179776555368
7 1891 0.2067878101734344 0.3910357490379644
8 1703 0.27183407133931226 0.4629334234908487
9 2383 0.23312177605969342 0.5555291923502494
10 1680 0.24012993729256693 0.40341829465151247
11 2352 0.18200008900925857 0.4280642093497761
12 1992 0.2363213506516958 0.47075213049817805
13 4758 0.16266281589820664 0.7739496780436672
14 1984 0.2519757210190726 0.4999198305018401
15 1657 0.24436355118884687 0.40491040431991926
16 2306 0.2698007739967296 0.6221605848364584
17 2101 0.2662432194703699 0.5593770041072471
18 1875 0.31467754588137953 0.5900203985275866
19 2742 0.27540628796660144 0.7551640416044212
20 3101 0.22143279461018234 0.6866630960861754
21 2586 0.247690881754595 0.6405286202173827
22 3445 0.22012268356238499 0.7583226448724163
23 2180 0.26770528895915846 0.5835975299309655
24 2188 0.27710114386959445 0.6062973027866726
25 1750 0.2836939640454592 0.4964644370795536
26 2234 0.3120343870203661 0.697084820603498
27 2008 0.4004564301810575 0.8041165118035634
28 2125 0.2393506125206762 0.5086200516064369
29 2820 0.2535801200689546 0.715095938594452
30 2164 0.3070544430030454 0.6644658146585902
31 2461 0.2456368773396905 0.6045123551329783
32 2800 0.25673491943397414 0.7188577744151277
33 2727 0.2996423733134497 0.8171247520257773
34 2187 0.27410905849018635 0.5994765109180376
35 2304 0.3018579757891763 0.6954807762182621
36 2305 0.32513651111939407 0.7494396581302034
37 2242 0.32957508384578105 0.7389073379822411
38 2141 0.33963745666930134 0.7271637947289742
39 2367 0.31899066992633823 0.7550509157156426
40 2672 0.306306310680051 0.8184504621370963
41 2196 0.32855363442095126 0.721503781188409
42 2281 0.3383917300841944 0.7718715363220474
43 2672 0.3121469288022794 0.8340565937596905
44 2703 0.3218442787888053 0.8699450855661406
45 2625 0.3214182794312883 0.8437229835071318
46 2547 0.3713166110069751 0.9457434082347655
47 3133 0.3783885760335214 1.1854914087130226
48 2421 0.3539059872512063 0.8568063951351704
49 2977 0.3527313420365944 1.0500812052429414
50 3633 0.27917672736336047 1.0142490505110886
51 2438 0.3992694056850662 0.9734188110601913
52 2442 0.3705799829992896 0.9049563184842653
53 2344 0.366986367280561 0.8602160449056351
54 2500 0.3852482717298628 0.9631206793246571
55 3101 0.34372293361744916 1.0658848171477098
56 3089 0.2890718576102523 0.8929429681580693
57 2523 0.4624080544529621 1.1666555213848235
58 2453 0.44173692556614114 1.0835806784137443
59 2594 0.3568384193130111 0.9256388596979507
60 2727 0.353864757585035 0.9649891939343904
61 3000 0.40196444479478327 1.2058933343843499
62 3274 0.33870598625771153 1.1089233990077476
63 2836 0.36014199130551294 1.0213626873424346
64 2273 0.4411565384453917 1.0027488118863754
65 2758 0.41462376135360424 1.1435323338132404
66 3149 0.3697643036342361 1.1643877921442094
67 2805 0.43115662411996775 1.2093943306565096
68 3081 0.40852455241161073 1.2586641459801726
69 2625 0.389018573038341 1.0211737542256452
70 2648 0.443604086053228 1.1746636198689477
71 2549 0.45184556338958126 1.1517543410800426
72 3039 0.3984883757659843 1.2110061739528262
73 2664 0.42376881539791134 1.128920124220036
74 3086 0.43930448640682346 1.3556936450514572
75 2695 0.46470546994498846 1.252381241501744
76 3305 0.4007383567963957 1.3244402692120878
77 3524 0.39582032745250234 1.3948708339426181
78 2664 0.45578759263368845 1.2142181467761461
79 2930 0.43719158312515843 1.2809713385567143
80 3205 0.4432782507392951 1.4207067936194409
81 3140 0.43837629199929906 1.376501556877799
82 4029 0.3692821709758614 1.4878378668617456
83 3773 0.4053245692022191 1.5292895995999727
84 3922 0.418120439840204 1.6398683650532802
85 4529 0.3994798470774227 1.8092442274136473
86 3766 0.3818427242179547 1.4380196994048173
87 3936 0.4634973521130862 1.8243255779171073
88 3547 0.42673528316037584 1.5136300493698531
89 3312 0.40429872308291864 1.3390373708506265
90 3440 0.4198132874295151 1.444157708757532
91 3726 0.40805879696148295 1.5204270774784854
92 4024 0.36853563705498327 1.4829874035092527
93 3441 0.4404522735785671 1.5155962733838495
94 3227 0.4617685076794661 1.4901269742816372
95 3902 0.40368767427234487 1.5751893050106895
96 3758 0.4689812001238787 1.7624313500655362
97 4059 0.44069389677314824 1.7887765270022087
98 5773 0.5481860294478295 3.164677948002319
99 3992 0.45429912960544694 1.8135621253849443
100 4000 0.4626253458753295 1.850501383501318
101 3984 0.5972699260214565 2.3795233852694824
102 4274 0.47759868270981604 2.0412567699017536
103 3656 0.43632591698700696 1.5952075525044975
104 3969 0.41847898505044345 1.66094309166521
105 4390 0.4093941868075128 1.7972404800849813
106 4812 0.3818800440834273 1.837606772129452
107 4249 0.4462709863214349 1.896205420879777
108 3618 0.45271285465744077 1.6379151081506207
109 3549 0.4551986057269063 1.6154998517247905
110 4133 0.5135086754983554 2.122331355834703
111 4188 0.49137882666759086 2.0578945260838704
112 3821 0.4866342987146244 1.8594296553885796
113 4118 0.409167040077572 1.6849498710394415
114 4313 0.3856001781463061 1.663093568345018
115 3461 0.5053461061569887 1.7490028734093377
116 3992 0.42505428106321236 1.6968166900043435
117 4695 0.4329220590709908 2.0325690673383017
118 4086 0.5056328859600131 2.0660159720326137
119 4680 0.4124206528218051 1.9301286552060481
120 4218 0.5193641828268882 2.190678123163815
121 3985 0.45923651098891316 1.830057496290819
122 4461 0.48579009772500115 2.16710962595123
123 4258 0.436474462864263 1.8585082628760319
124 3867 0.4624623097797178 1.7883417519181688
125 4047 0.5433687268007267 2.199013237362541
126 4640 0.5010115463762904 2.324693575185987
127 4437 0.4653113816207154 2.0645866002511144
128 4625 0.5273336697771659 2.4389182227193924
129 4034 0.5802483017659351 2.3407216493237826
130 4248 0.5200250644089011 2.2090664736090115
131 4234 0.45916484979402344 1.9441039740278951
132 5243 0.46322299489600743 2.428678162239767
133 5437 0.5360522721245299 2.9145162035410688
134 4149 0.5423281280972725 2.2501194034755834
135 5604 0.4836844352642453 2.7105675752208307
136 4782 0.48567323599134726 2.3224894145106227
137 7770 0.4770494867438901 3.706674512000026
138 4325 0.4854426100705747 2.0995392885552357
139 2138 0.8363983035819988 1.7882195730583135
140 4539 0.5140266781089378 2.3331670919364687
141 4563 0.4921614551908067 2.245732720035651
142 625 0.18241953735088226 0.11401221084430141
143 5127 0.5622668039547614 2.8827419038760613
144 5047 0.5647154935662061 2.850119096028642
145 5064 0.503976970563761 2.5521393789348856
146 5758 0.42764719201315304 2.462392531611735
147 4699 0.5872079992553823 2.759290388501041
148 4836 0.5876276341075429 2.8417672385440778
149 4441 0.4228099608200173 1.877699036001697
150 5266 0.540808711311717 2.8478986737675016
151 5243 0.5635152038894043 2.954510213992147
152 4687 0.5829075875382788 2.7320878627919125
153 5406 0.5280173559404595 2.854461826214124
154 5344 0.7286557053551698 3.8939360894180273
155 9102 0.4583814350383569 4.172187821719124
156 5707 0.6328460396445956 3.6116523482517073
157 4782 0.693634740919877 3.316961331078852
158 5034 0.5088990114314373 2.5617976235458553
159 4742 0.647310934492663 3.0695484513642075
160 4972 0.6619382667810727 3.2911570624354938
161 4811 0.48937689158806297 2.3543922254301712
162 5023 0.46078368643945244 2.31451645698537
163 4382 0.6660395012913661 2.918585094658767
164 5043 0.6477443425358723 3.2665747194084043
165 5045 0.49293885559347556 2.486876526469084
166 5257 0.5990396572788558 3.149151478314945
167 5527 0.621341151947306 3.43415254681276
168 5361 0.6355496622084579 3.4071817390995425
169 5469 0.590579213516903 3.2298777187239427
170 4754 0.7008223933789522 3.3317096581235393
171 4305 0.6361295163835698 2.7385375680312682
172 5557 0.45859376916762573 2.5484055752644963
173 4859 0.6524410945505088 3.170211278420922
174 5179 0.4599637989078324 2.382152514543664
175 5397 0.6974652829963205 3.764220132331142
176 5336 0.5831409436336954 3.111640075229399
177 5174 0.6717250940900873 3.4755056368221116
178 5180 0.6340217737829035 3.28423278819544
179 5516 0.4885617808937546 2.6949067834099507
180 5252 0.7314056770391626 3.841342615809682
181 5174 0.5065713717500766 2.6210002774348964
182 4828 0.6559937756086204 3.1671379486384192
183 5234 0.6778162824672852 3.547690422433771
184 5593 0.616859555788677 3.450095495526071
185 5528 0.5560801967882052 3.0740113278451986
186 4969 0.6422489566062778 3.1913350653765944
187 4771 0.6208237853246648 2.9619502797839754
188 5375 0.6956209427336747 3.7389625671935014
189 5345 0.5195641917014795 2.777070604644408
190 5328 0.4810725672787328 2.5631546384610884
191 5656 0.6331678429922324 3.581197319964066
192 5281 0.6979105342641495 3.6856655314489735
193 5023 0.6816557993166454 3.4239570799675096
194 5930 0.7329303341808661 4.3462768816925355
195 5602 0.5389193954121099 3.0190264530986393
196 6531 0.492295688884449 3.2151831441043366
197 5414 0.7024622841306725 3.8031308062834603
198 5594 0.5170358640123186 2.89229862328491
199 5844 0.6382860998774325 3.7301439676837154
200 7457 0.8674240983404179 6.4683815013244965